[94]
[221]
[235]
[300]
[334]
[351]
[358]
[417]
[422]
[463]
[531]
[168]
[243]
[302]
[483]
[494]
[694]
[727]
[761]
[87]
[272]
[456]
[548]
[668]
[693]
[694]
[743]
[808]
[840]
[880]
[979]
[1084]
[1251]
[63]
[39]
[47]
[48]
[100]
[141]
[194]
[340]
[360]
[462]
[546]
[561]
[618]
[642]
[652]
[703]
[846]
[885]
[939]
[1015]
[1086]
[1098]
[1112]
[1166]
[15]
[67]
[75]
[310]
[405]
[430]
[461]
[485]
[493]
[494]
[528]
[40]
[80]
[86]
[174]
[15]
[22]
[51]
[92]
[140]
[313]
[392]
[400]
[455]
[562]
[574]
[578, 579]
[612]
[734]
[923]
[944]
[971]
[996]
[13]
[23]
[660]
[734]
[838]
[1108]
[190]
[83]
[258]
[53]
[321]
[347]
[10]
[197]
[35]
[185]
[210]
[11]
[23]
[295]
[386]
[103]
[140]
[227]
[297]
[323]
[366]
[512]
[560]
[590]
[608]
[761]
[43]
[306]
[746]
[761]
[819]
[31]
[36]
[92]
[157]
[182]
[220]
[50]
[373]
[541]
[775, 776]
[920]
[23]
[111]
[142]
[201]
[479]
[605]
[709]
[799]
[170]
[27]
[71, 72]
[120]
[223]
[284]
[315]
[529]
[571]
[600]
[614]
[634]
[834]
[859]
[886]
[896]
[931]
[953]
[973]
[73]
[113]
[123]
[143]
[163]
[238]
[267]
[292]
[295]
[444]
[452]
[583]
[684]
[798]
[840]
[1015, 1016]
[1075]
[1084]
[1109]
[1130]
[1140]
[1156]
[1157]
[1213]
[1316]
[1408]
[1582]
[10]
[39]
[87]
[216]
[307, 308]
[340]
[527]
[561]
[602]
[693, 694]
[78]
[126]
[223]
[229]
[270]
[472]
[498]
[552]
[618]
[671]
[672]
[758]
[895]
[922]
[1032]
[1053]
[1199]
[1226]
[1227]
[1381]
[1451]
[1524]
[1557]
[1675]
[1742]
[1776]
[1798]
[1817]
[1957]
[2033]
[2177]
[79]
[149]
[157]
[236]
[323]
[342]
[450]
[489]
[518]
[606]
[695]
[79]
[16]
[121]
[91]
[150]
[294]
[322]
[368]
[468]
[603]
[714]
[753]
[762]
[1205]
[1221]
[1248]
[1282]
[1366]
[1395]
[1411]
[1428]
[1530]
[1561]
[1650]
[1713]
[1719]
[1755]
[58]
[60]
[98]
[35]
[40]
[49]
[73]
[19]
[217]
[414]
[474]
[691]
[865]
[879]
[959]
[1124]
[1256]
[71]
[0]
[75]
[145]
[153]
[279]
[473]
[496]
[581]
[658]
[90]
[73]
[203]
[9]
[42]
[65]
[80]
[84]
[96]
[449]
[48]
[32]
[58]
[159]
[215, 216]
[343]
[379]
[448]
[485]
[42]
[76]
[82]
[89]
[126]
[148]
[149]
[228]
[245]
[246]
[286]
[326]
[328]
[360]
[371]
[396]
[400]
[425]
[485]
[637]
[830]
[847]
[869]
[938]
[981]
[1088]
[1119]
[1136]
[1244]
[1264]
[1371]
[1377]
[1458]
[1468]
[1507]
[1533]
[1636]
[41]
[79]
[114]
[140]
[58]
[102]
[24]
[251]
[133]
[37]
[92]
[135]
[159]
[180]
[400]
[429]
[625]
[641]
[761, 762]
[831]
[841]
[987]
[1006]
[1052]
[1247]
[1298]
[1462]
[1610]
[1664]
[1691]
[1692]
[1792]
[1844]
[1847]
[1877]
[1919]
[1981]
[2026]
[3]
[55]
[304]
[321]
[377]
[701]
[32, 33]
[196]
[203]
[239]
[78]
[118]
[260, 261, 262]
[306]
[352, 353]
[516]
[528]
[646]
[62]
[111]
[143]
[236]
[366]
[397]
[461]
[548]
[558]
